 Generated array:
  -5   0  -5   0  -2   1   0  -4  -4  -3
   1  -3   4  -1   1  -2  -5  -5   1   3
  -5  -3  -5  -4  -4  -2  -4   3   4  -1
   4  -4  -4   0   3   4   0  -5   3  -2
   4   2   1  -5   3   3   0   1  -3  -3
  -4   2   3  -3  -2   4   3   2   4   2
   3  -5  -4   3   3   4  -4  -5  -2   3
  -5   1  -2   4  -2   0  -3   1  -4  -3
   4   0  -4  -3  -1   0   3   2   4   1
   2   1  -3  -4  -5  -4   4  -5  -3   4
 Zero coordinates:
( 1,  2)
( 1,  4)
( 1,  7)
( 4,  4)
( 4,  7)
( 5,  7)
( 8,  6)
( 9,  2)
( 9,  6)
