 Generated array:
    1    2    4    7   11   16   22   29   37   46
    4    7   11   16   22   29   37   46   56   67
   11   16   22   29   37   46   56   67   79   92
   22   29   37   46   56   67   79   92  106  121
   37   46   56   67   79   92  106  121  137  154
   56   67   79   92  106  121  137  154  172  191
   79   92  106  121  137  154  172  191  211  232
  106  121  137  154  172  191  211  232  254  277
  137  154  172  191  211  232  254  277  301  326
  172  191  211  232  254  277  301  326  352  379
