 Размер массива:         100
 Исходный массив
  5  8  2  4  2 10  5  5  2  1
  8  9  4  2  2  2  3  1  8  5
  9  8  0  5  1  9  5  5  4  2
  0  0 10 10  8  6  8  6  3  4
  2  3  7  4  0  5  1  4  3  2
  0 10  6  0 10  4  7  2  5 10
  2  7  4  4  8  1  8  8  1  0
  1  7  4  2  5  5  1 10  3  8
  2  7 10  5  4 10  5 10  3  8
  9  8  6  9  5  3  3  3  4  6
 Вспомогательный массив
  0  1  2  3  4  5  6  7  8  9
 10
 Значение k-того элемента:           5
 Найденные индексы
  1  7  8 20 24 27 28 46 59 75
 76 84 87 95
